(83.868042 6.856521 27.571791) (-0.018256 0.606383 0.013927 0.794841) (1.000000)
(62.791748 5.860280 22.519852) (-0.017098 0.667312 0.015327 0.744424) (1.000000)
(47.413666 5.153177 22.990446) (-0.015210 0.748930 0.017201 0.662252) (1.000000)
(34.335751 4.413226 31.139685) (-0.015136 0.751785 0.017267 0.659008) (1.000000)
(30.922390 4.074088 45.250587) (-0.017840 0.629423 0.014456 0.776724) (1.000000)
(15.727991 4.182199 52.871044) (-0.021772 0.317677 0.007296 0.947921) (1.000000)
(13.585283 7.118039 54.321316) (-0.022205 0.254574 0.005847 0.966781) (1.000000)
(10.242078 10.110710 56.056892) (-0.022579 0.181738 0.004174 0.983079) (1.000000)
(5.554102 10.110710 57.851521) (-0.022828 0.107832 0.002477 0.993904) (1.000000)
(3.218146 15.463942 59.639561) (-0.022916 0.063129 0.001450 0.997741) (1.000000)
(3.712201 17.936363 63.528137) (-0.022916 0.063129 0.001450 0.997741) (1.000000)
(-2.023076 18.679140 75.969833) (-0.022951 0.030344 0.000697 0.999276) (1.000000)
(-1.843787 15.228307 81.768181) (-0.022952 0.029587 0.000680 0.999298) (1.000000)
(-1.692796 11.734121 84.315765) (-0.022952 0.029587 0.000680 0.999298) (1.000000)
(-1.365632 6.611227 89.835815) (-0.022952 0.029587 0.000680 0.999298) (1.000000)
(-1.419677 4.675747 88.923950) (-0.022952 0.029587 0.000680 0.999298) (1.000000)
(-1.295649 3.362396 84.051872) (-0.022962 0.004044 0.000093 0.999728) (1.000000)
(-0.694219 2.753556 70.834579) (-0.022950 0.032525 0.000747 0.999207) (1.000000)
(-0.742006 4.657360 55.552494) (-0.022962 0.002883 0.000066 0.999732) (1.000000)
(-0.790350 4.272151 47.171219) (-0.022962 0.002883 0.000066 0.999732) (1.000000)
(0.712418 7.582876 39.258469) (-0.022912 -0.065687 -0.001509 0.997576) (1.000000)
(1.474191 7.349782 34.247677) (-0.022899 -0.073678 -0.001692 0.997018) (1.000000)
(2.930253 7.638582 27.284033) (-0.022840 -0.102853 -0.002362 0.994431) (1.000000)
(3.915421 7.444501 23.183935) (-0.022867 -0.090865 -0.002087 0.995598) (1.000000)
(5.013650 7.218399 18.392342) (-0.022809 -0.114992 -0.002641 0.993101) (1.000000)
(5.535769 6.851316 16.664038) (-0.022733 -0.140684 -0.003231 0.989788) (1.000000)
(6.119809 6.754983 14.651024) (-0.022733 -0.140684 -0.003231 0.989788) (1.000000)
(8.371140 6.565796 11.240484) (-0.021042 -0.400207 -0.009192 0.916137) (1.000000)
(13.024407 7.003239 7.279726) (-0.020932 -0.410927 -0.009438 0.911379) (1.000000)
(15.666205 6.834124 4.726227) (-0.021872 -0.304390 -0.006991 0.952271) (1.000000)
(14.578299 6.458651 -2.779212) (-0.022286 0.240742 0.005529 0.970317) (1.000000)
(13.737399 6.375971 -4.369531) (-0.022286 0.240742 0.005529 0.970317) (1.000000)
(13.213014 6.324412 -5.361253) (-0.022286 0.240742 0.005529 0.970317) (1.000000)
(6.967920 5.687401 -17.711828) (-0.022847 0.099824 0.002293 0.994740) (1.000000)
(6.437078 5.486019 -22.054251) (-0.022943 0.040591 0.000932 0.998912) (1.000000)
(6.120202 5.306525 -25.946812) (-0.022943 0.040591 0.000932 0.998912) (1.000000)
(6.011463 5.160567 -29.117563) (-0.022962 -0.003864 -0.000089 0.999729) (1.000000)
(6.316514 4.818113 -36.551548) (-0.022927 0.055475 0.001274 0.998196) (1.000000)
(5.537499 4.685202 -39.329212) (-0.022189 0.257128 0.005906 0.966105) (1.000000)
(4.539059 4.618662 -40.377636) (-0.014102 0.788971 0.018121 0.614002) (1.000000)
(3.363174 4.713624 -40.108017) (-0.014837 0.763020 0.017525 0.645967) (1.000000)
(1.658219 4.654166 -39.822765) (-0.014837 0.763020 0.017525 0.645967) (1.000000)
(0.175740 4.585084 -39.574738) (-0.014837 0.763020 0.017525 0.645967) (1.000000)
(-1.779097 4.493990 -39.247681) (-0.014837 0.763020 0.017525 0.645967) (1.000000)
(-4.485269 4.349890 -37.708820) (-0.008142 0.934778 0.021470 0.354489) (1.000000)
(-5.339676 3.950450 -29.888193) (-0.002716 0.992719 0.022801 0.118245) (1.000000)
(-5.047752 6.822089 -27.251211) (-0.004304 0.982017 0.022555 0.187392) (1.000000)
(-8.467538 7.283854 -19.202974) (-0.005461 0.971057 0.022303 0.237743) (1.000000)
(-6.230748 11.904588 -17.014177) (-0.009152 0.916894 0.021059 0.398469) (1.000000)
(-11.262136 12.907388 -12.502348) (-0.010404 0.891226 0.020470 0.452977) (1.000000)
(-17.402086 16.405500 -8.719861) (-0.011328 0.869608 0.019973 0.493209) (1.000000)
(-21.350531 22.933952 -7.169984) (-0.014668 0.769194 0.017667 0.638602) (1.000000)
(-11.252405 23.399139 -7.289096) (-0.015745 0.727708 0.016714 0.685502) (1.000000)
(-6.932547 23.596457 -6.363441) (-0.016229 0.707255 0.016244 0.706585) (1.000000)
(1.278561 23.973848 -6.371219) (-0.016229 0.707255 0.016244 0.706585) (1.000000)
(14.423170 24.577988 -6.383671) (-0.016229 0.707255 0.016244 0.706585) (1.000000)
(30.016071 22.032808 -6.398440) (-0.016229 0.707255 0.016244 0.706585) (1.000000)
(31.517620 17.147810 -4.125540) (-0.016229 0.707255 0.016244 0.706585) (1.000000)
(29.460659 11.362788 -4.123589) (-0.016229 0.707255 0.016244 0.706585) (1.000000)
(29.850657 2.877405 -4.123953) (-0.016229 0.707255 0.016244 0.706585) (1.000000)
(19.986277 2.424029 -4.114608) (-0.016229 0.707255 0.016244 0.706585) (1.000000)
(12.350915 2.027228 -0.084928) (-0.011857 0.856147 0.019664 0.516221) (1.000000)
(4.590575 1.729503 10.662057) (-0.020121 0.481689 0.011063 0.876042) (1.000000)
(4.403028 3.857962 24.149595) (-0.022425 0.215107 0.004941 0.976321) (1.000000)
(-0.724218 3.857964 25.687572) (-0.022945 0.038565 0.000886 0.998992) (1.000000)
(-0.172421 2.982217 32.888943) (-0.022962 -0.006771 -0.000156 0.999713) (1.000000)
(-0.374385 3.667565 47.798916) (-0.022962 -0.006771 -0.000156 0.999713) (1.000000)
(-0.535963 4.215867 59.727394) (-0.022962 -0.006771 -0.000156 0.999713) (1.000000)
(-0.611308 7.637208 65.289841) (-0.022962 -0.006771 -0.000156 0.999713) (1.000000)
(-0.680750 12.587262 70.416542) (-0.022962 -0.006771 -0.000156 0.999713) (1.000000)
(-0.778699 14.220164 77.647606) (-0.022962 -0.006771 -0.000156 0.999713) (1.000000)
(-0.838600 19.142607 82.069923) (-0.022962 -0.006771 -0.000156 0.999713) (1.000000)
(-0.901082 25.714582 86.682861) (-0.022962 -0.006771 -0.000156 0.999713) (1.000000)
(-0.901082 25.714582 86.682861) (-0.022962 -0.006771 -0.000156 0.999713) (1.000000)
(-0.935853 37.868053 89.250137) (-0.022962 -0.006771 -0.000156 0.999713) (1.000000)
(-0.842242 40.851051 82.339386) (-0.022962 -0.006771 -0.000156 0.999713) (1.000000)
(-1.012161 35.382565 94.883484) (-0.022962 -0.006771 -0.000156 0.999713) (1.000000)
(-1.078909 34.762794 99.811104) (-0.022962 -0.006771 -0.000156 0.999713) (1.000000)
(-1.078909 34.762794 99.811104) (-0.022962 -0.006771 -0.000156 0.999713) (1.000000)
(-1.078909 34.762794 99.811104) (-0.022962 -0.006771 -0.000156 0.999713) (1.000000)
